function [c] = costEquation(t,q)
    qAdj = 1/6.63*q;
    k0=13.9;
    k1=58.05;
    a1=-0.30217;
    k2=112.657;
    a2=0.4925;
    k3=0.44999;
    k4=14.006;
    a3=-0.1899;
    % k5 = 0.00029139;
    % a4 = 0.671;
    k6=0.44915;
    a5=0.7952;
    %k7 = 0.000019196;
    %a6 = 0.861;
    c = k0 + 1.2 + k1*t^a1 + k2*t^a2/qAdj + k3*t/qAdj + k4*qAdj^a3 + k6*t^a5/qAdj;
end

